1
10
100
1000
1001
1002
1003
1004
1005
1006
1007
1008
1009
101
1010
1011
1012
1013
1014
1015
1016
1017
1018
1019
102
1020
1021
1022
1023
1024
1025
1026
1027
1028
1029
103
1030
1031
1032
1033
1034
1035
1036
1037
1038
1039
104
1040
1041
1042
1043
1044
1045
1046
1047
1048
1049
105
1050
1051
1052
1053
1054
1055
1056
1057
1058
1059
106
1060
1061
1062
1063
1064
1065
1066
1067
1068
1069
107
1070
1071
1072
1073
1074
1075
1076
1077
1078
1079
108
1080
1081
1082
1083
1084
1085
1086
1087
1088
1089
109
1090
1091
1092
1093
1094
1095
1096
1097
1098
1099
11
110
1100
1101
1102
1103
1104
1105
1106
1107
1108
1109
111
1110
1111
1112
1113
1114
1115
1116
1117
1118
1119
112
1120
1121
1122
1123
1124
1125
1126
1127
1128
1129
113
1130
1131
1132
1133
1134
1135
1136
1137
1138
1139
114
1140
1141
1142
1143
1144
1145
1146
1147
1148
1149
115
1150
1151
1152
1153
1154
1155
1156
1157
1158
1159
116
1160
1161
1162
1163
1164
1165
1166
1167
1168
1169
117
1170
1171
1172
1173
1174
1175
1176
1177
1178
1179
118
1180
1181
1182
1183
1184
1185
1186
1187
1188
1189
119
1190
1191
1192
1193
1194
1195
1198
12
120
1200
1201
1202
1203
1204
1205
1206
1207
1208
1209
121
1210
1211
1212
1213
1214
1215
1216
1217
1218
1219
122
1220
1221
1222
1223
1224
1225
1226
1227
1228
1229
123
1230
1231
1232
1233
1234
1235
1236
1237
1238
1239
124
1240
1241
1242
1243
1244
1245
1246
1247
1248
1249
125
1250
1251
1252
1253
1254
1255
1256
1257
1258
1259
126
1260
1261
1262
1263
1264
1265
1266
1267
1268
1269
127
1270
1271
1272
1273
1274
1275
1276
1277
1278
1279
128
1280
1281
1282
1283
1284
1285
1286
1287
1288
1289
129
1290
1291
1292
1293
1294
1295
1296
1297
1298
1299
13
130
1300
1301
1302
1303
1304
1305
1306
1307
1308
1309
131
1310
1311
1312
1313
1314
1315
1316
1317
1318
1319
132
1320
1321
1322
1323
1324
1325
1326
1327
1328
1329
133
1330
134
135
136
137
138
139
14
140
1400
1401
1402
1403
1404
1405
1406
1407
1408
1409
141
1410
1411
1412
1413
1414
1415
1416
1417
1418
1419
142
1420
1421
1422
1423
1424
1425
1426
1427
1428
1429
143
1430
1431
1432
1433
1434
1435
1436
1437
1438
1439
1440
1441
1442
1443
1444
1445
1446
1447
1448
1449
145
1450
1451
1452
1453
1454
1455
1456
1457
1458
1459
146
1460
1461
1462
1463
1464
1465
1466
1467
1468
1469
147
1470
1471
1472
1473
1474
1475
1476
1477
1478
1479
148
1480
1481
1482
1483
1484
1485
1486
1487
1488
1489
149
1490
1491
1492
1493
1494
1495
1496
1497
1498
15
150
1500
1501
1502
1503
1504
1505
1506
1507
1508
1509
151
1510
1511
1512
1513
1514
1515
1516
1517
1518
1519
152
1520
1521
1522
1523
1524
1525
1526
1527
1528
1529
153
1530
1531
1532
1533
1534
1535
1536
1537
1538
1539
1540
1541
1542
1543
1544
1545
1546
1547
1548
1549
1550
1551
1552
1553
1554
1555
1556
1557
1558
1559
1560
1561
1562
1563
1564
1565
1566
1567
1568
1569
1570
1571
1572
1573
1574
1575
1576
1577
1578
1579
1580
1581
1582
1583
1584
1585
1586
1587
1588
1589
1590
1591
1592
1593
1594
1595
1596
1597
1598
1599
16
1600
1601
1602
1603
1604
1605
1606
1607
1608
1609
1610
1611
1612
1613
1614
1615
1616
1617
1618
1619
1620
1621
1622
1623
1624
1625
1626
1627
1628
1629
1630
1631
1632
1633
1634
1635
1636
1637
1638
1639
1640
1641
1642
1643
1644
1645
1646
1647
1648
1649
1650
1651
1652
1653
1654
1655
1656
1657
1658
1659
1660
1661
1662
1663
1664
1665
1666
1667
1668
1669
1670
1671
1672
1673
1674
1675
1676
1679
1680
17
1701
1702
1703
1704
1705
1751
18
1801
1802
1803
1804
1805
1806
1807
1808
1809
1810
1811
1812
1813
1814
1815
1816
1817
1818
1819
1820
1821
1822
1851
1852
1853
1854
1855
1856
1859
19
2
20
2001
2002
2003
2004
2005
2006
2007
2008
2009
2010
2011
2012
2013
2014
2015
2016
2017
2018
2019
2020
2021
2022
2023
2024
2025
2026
2027
2028
2029
2030
2031
2032
2033
2034
2035
2036
2037
2038
2039
2040
2041
2042
2043
2044
2045
2046
2047
2050
2051
2052
2053
2054
2055
2056
2057
2058
2059
2060
2061
2062
2063
2064
2065
2066
2067
2068
2069
2070
2071
2072
2073
2074
2075
2076
2077
2078
2081
2082
2083
2084
2085
2086
2087
2088
2089
21
2101
2102
2103
2104
2105
2106
2107
2108
2109
2110
2111
2112
2113
2114
2115
2116
2117
2118
2119
2120
2121
2122
2123
2124
2125
2126
2127
2128
2129
2130
2131
2132
2133
2134
2135
2136
2137
2138
2139
2140
2141
2142
2143
2144
2145
2146
2147
2148
2149
2150
2151
2152
2153
2154
2155
2156
2157
2158
2159
2160
2161
2162
2163
2164
2165
2166
2167
2168
2169
2170
2171
2172
2173
2174
2175
2176
2177
2178
2180
2181
2182
2183
2184
2185
2186
2187
2188
2189
2190
2191
2192
2193
2194
2195
22
2201
2202
2203
2204
2205
2206
2207
2208
2209
2215
2220
2224
2225
2226
2231
2232
2233
2234
23
24
2402
2403
2404
2405
2406
2414
25
2500
2501
2502
2503
2504
2505
2506
2507
2508
2509
2510
2511
2512
2513
2514
2515
2516
2517
2518
2519
2520
2521
2522
2523
2524
2525
2526
2527
2528
2529
2530
2531
2532
2533
2534
2535
2536
2537
2538
2539
2540
2541
2542
2543
2544
2545
2546
2547
2548
2549
2550
2551
2552
2553
2554
2555
2556
2557
2558
2559
2560
2561
2562
2563
2564
2565
2566
2567
2568
2569
2570
2571
2572
2573
2574
2575
2576
2577
2578
2579
2580
2581
2582
2583
2584
2585
2586
2587
2588
2589
2590
2591
2592
2593
2594
2595
2596
2597
2598
2599
26
2628
2690
2698
27
2706
2708
2709
2716
2718
2723
28
2801
2802
2803
2804
2805
2806
2807
2808
2809
2810
2811
2812
2813
2814
2815
2816
2817
2818
2819
2820
2821
2822
2823
2824
2825
2826
2827
2828
2829
2830
2831
2832
2833
2834
2835
2836
2837
2838
2839
2840
2841
2842
2843
2844
2845
2846
2847
2848
2849
2850
2851
2852
2853
2854
2855
2856
2857
2858
2859
2860
2861
2862
2863
2864
2865
2866
2867
2868
2869
2870
2871
2872
2873
2874
2875
2876
2877
2878
2879
2880
2881
2882
2883
2884
2885
2886
2887
2888
2889
2890
2891
2892
2893
2894
2895
2896
2898
2899
29
2900
2901
2902
2903
2904
2905
2906
2907
2908
2909
2910
2911
2912
2913
2915
2922
2952
2953
2954
2955
3
30
3001
3002
3003
3004
3005
3006
3007
3008
3009
3010
3011
3012
3013
3014
3015
3016
3017
3018
3019
3020
3021
3022
3023
3024
3025
3026
3027
3028
3032
3033
3034
3035
3036
3037
3038
3039
3040
3041
3042
3043
3044
3045
3046
3047
3048
3049
3050
3051
3052
3053
3059
3060
3061
3062
3068
3071
3073
3074
3076
3077
3078
3079
3080
3082
3083
3084
3085
3086
3087
3089
3090
3091
3092
3093
3094
3095
3096
3097
31
3100
3103
3104
3106
3107
3108
3109
3110
3111
3113
3116
3118
3126
3163
3169
32
3201
3202
3203
3204
3205
3206
3207
3208
3209
3210
3211
3212
3213
3214
3215
3216
3217
3218
3219
3220
3221
3222
3223
3224
3225
3226
3228
3229
3230
3231
3232
3233
3234
3235
3236
3237
3238
3239
3240
3241
3242
33
3301
3302
3303
3304
3305
3306
3307
3308
3309
3310
3311
3312
3313
3314
3315
3316
3317
3318
3319
3320
3321
3322
3323
3324
3325
3326
3327
3328
3329
3330
3331
3332
3333
3334
3335
3336
3337
3338
3339
3340
3341
3342
3343
3344
3345
3346
3347
3348
3349
3350
3351
3352
3354
3356
3358
3360
3361
3362
3363
3364
3365
3366
3367
34
3401
3402
3403
3404
3405
3406
3407
3408
3410
3413
3414
3418
3419
3420
3421
3422
3423
3424
3425
3426
3451
35
3501
3502
3503
3504
3505
3506
3507
3551
3552
3553
3554
3559
3560
36
3601
3602
37
3751
38
3851
3857
3858
3860
3898
3899
39
3901
3902
3903
3904
3905
3906
3907
3908
3909
3910
3911
3912
3913
3914
3915
3916
3917
3918
3919
3920
3921
3922
3923
3924
3925
3926
3927
3928
3929
3930
3931
3932
3933
3934
3935
3936
3937
3938
3939
3940
3941
3942
3943
3944
3945
3946
3947
3948
3949
3950
3951
3952
3953
3954
3955
3956
3957
3958
3959
3960
3961
3962
3963
3964
3965
3966
3967
3968
3969
3970
3971
3972
3973
3974
3975
3976
3977
3978
3979
3980
3981
3983
3984
3985
4
40
4001
4002
4003
4004
4005
4006
4009
4011
4012
4013
4026
4030
4034
4042
4046
4055
4056
4057
4059
4063
4065
4068
4069
4070
4071
4072
4073
4074
4075
4076
4077
4080
4089
4092
4096
4098
41
4101
4102
4103
4104
4105
4106
4107
4108
4109
4110
4111
4112
4113
4114
4115
4117
4120
4121
4122
4124
4125
4126
4127
4128
4130
4131
4132
4133
4134
4135
4136
4137
4138
4150
4151
4152
4153
4154
4155
4156
4157
4158
4159
4160
4161
4169
4170
4172
4173
4174
4175
4176
4177
4178
4179
4180
4181
4182
4183
4184
4185
4186
4187
4188
4189
4190
4191
4192
4193
4194
4195
4196
4199
42
4200
4201
4202
4203
4204
4205
4206
4207
4208
4209
4210
4211
4212
4213
4214
4215
43
44
4401
4402
4403
4404
4405
4406
4407
4408
4409
4410
4411
4412
4413
4414
4415
4416
4417
4418
4419
4420
4421
4422
4423
4424
4425
4426
4427
4428
4429
4430
4431
4432
4433
4434
4435
4436
4437
4438
4439
4440
4441
4442
4443
4444
4445
4446
4447
4448
4449
4450
4451
4452
4453
4454
4455
4456
4457
4458
4459
4460
4461
4462
4463
4464
4465
4466
4467
4468
4469
4470
4471
4472
4473
4474
4475
4476
4477
4478
4479
4480
4481
4482
4483
4484
4485
4486
4487
4488
4489
4490
4491
4492
4493
4494
4495
45
4501
4502
4503
4504
4505
4506
4507
4508
4509
4510
4511
4512
4513
4514
4515
4516
4517
4518
4520
4521
4522
4523
4524
4525
4526
4528
4529
4530
4531
4532
4533
4534
4535
4550
4551
4552
4553
4554
4555
4556
4557
4558
4560
46
47
4701
4702
4703
4704
4705
4706
4707
4708
4709
4710
4711
4712
4713
4714
4715
4716
4717
4718
4753
48
4801
4802
4803
4804
4805
49
4901
4902
4903
4904
4905
4906
4907
4908
4909
4910
4911
4912
4913
4914
4915
4916
4917
4918
4919
4920
4950
4951
4952
4953
4954
4955
4957
4958
4959
5
50
5001
5002
5003
5004
5005
5006
5007
5008
5009
5010
5011
5012
5013
5014
5015
5016
5017
5018
5019
5020
5021
5022
5023
5024
5025
5026
5027
5028
5030
5031
5032
5033
5034
5035
5036
5037
5038
5039
5040
5041
5043
5044
5045
5050
5051
5052
5053
5054
5055
5056
5057
5058
5059
5060
51
5101
5102
5103
5106
5108
5109
5110
5131
5132
5133
5134
5135
5136
52
53
54
55
5501
5502
5503
5504
5505
5506
5507
5508
5509
5510
5511
5512
5513
5514
5515
5516
5517
5520
5521
5522
5523
5524
5525
5526
5527
5528
5529
5530
5531
5532
5533
5534
5535
5536
5537
56
57
5701
5702
5703
5704
5705
5706
5707
5708
5709
5710
5711
5712
5713
5714
5715
5716
5717
5718
5719
5720
5721
5722
5723
5724
5725
5726
5727
5728
5729
5741
5742
5743
5744
5745
5746
5747
5748
5749
5750
5751
5752
5753
58
59
6
60
600
6001
6002
6003
6004
6005
6006
6008
6009
6010
6011
6012
6013
6015
6017
6018
6019
6020
6021
6022
6023
6024
6059
6060
6061
6062
6063
6064
6065
6066
6067
6068
6069
6070
6071
6072
6073
6074
6075
6076
6077
6078
6079
6080
6081
6082
6083
6084
6085
6086
6087
6088
6089
6090
6091
6092
6093
6094
6095
6096
6097
6098
61
6102
6105
6106
6110
6112
6114
6115
6120
6121
6122
6149
6152
62
63
64
65
6501
6502
6503
6504
6505
6506
6507
6508
6509
6510
6511
6512
6513
6514
6515
6520
6521
6522
6523
6524
6525
6526
6561
6562
6563
6564
6565
66
6600
6601
6602
6603
6604
6605
6606
6607
6608
6609
6610
6611
6612
6613
6614
6615
6616
6617
6618
6619
6620
6621
6622
6623
6624
6625
6626
6627
6628
6629
6630
6631
6632
6633
6634
6635
6636
6637
6638
6639
6640
6641
6642
6643
6644
6645
6646
6647
6648
6649
6650
6651
6652
6653
6654
6655
6656
6657
6658
6659
6660
6661
6662
6663
6664
6665
6666
6667
6668
6669
6670
67
68
69
6952
6953
7
70
7001
7002
7003
7004
7005
7010
7011
7012
7014
7015
7016
7017
7018
7019
7020
7023
7024
7025
7026
7027
7028
7029
7030
7031
7033
7034
7035
7036
7037
7038
7039
7041
7042
7043
7044
7045
7046
7048
7049
7050
7051
7052
7053
7054
7055
7056
7057
7058
7059
7060
7061
7062
7063
7064
7065
7066
7069
7070
7072
7073
7074
71
7113
7114
7156
7159
7160
7161
7162
7163
7165
7168
7169
7194
7197
7198
72
7200
7201
7202
7203
7204
7205
7206
7207
7208
7209
7210
7211
7212
7213
7214
7215
7216
7217
7218
7219
7220
7221
7222
7223
7224
7225
7226
7227
7228
7229
7230
7231
7232
7233
7234
7235
7236
7237
7238
7239
7240
7241
7242
7243
7244
7245
7246
7247
7248
7249
7250
7251
7252
7253
7254
7255
7256
7257
7258
7259
7260
7261
7262
7263
7264
7265
7266
7267
7269
7270
7271
7273
7276
7280
7281
7282
7283
7284
7285
7286
7287
7288
7289
7290
7291
7296
73
7301
7302
7303
7305
7306
7307
7308
7309
7310
7311
7312
7313
7314
7315
7316
7317
7318
7319
7320
7321
7322
7323
7324
7325
7326
7327
7328
7329
7330
7331
7332
7333
7334
7335
7337
7338
7339
7340
7341
7342
7344
7345
7346
7347
7348
7349
7350
7351
7352
7353
7354
7355
7356
7357
7358
7359
7360
7361
7362
7363
7365
7367
7368
7370
7371
7372
7373
7374
7375
7377
7378
7379
7380
7381
7382
7384
7386
7387
7389
7390
7391
7392
7394
7395
7396
7397
7399
74
7400
7401
7402
7403
7404
7405
7407
7408
7411
7413
7416
7417
7418
7419
7420
7422
7423
7427
7428
7430
7431
7434
7435
7436
7438
7440
7441
7442
7443
7448
7449
7450
7453
7455
7456
7458
7459
7460
7461
7462
7463
7464
7465
7466
7467
7468
7471
7472
7475
7476
7478
7480
7481
7483
7488
7489
7493
7495
7497
7499
75
7500
7501
7502
7505
7513
7556
7576
7586
7587
7588
7590
76
7607
7611
7615
7620
7621
7626
7629
7631
7633
7643
7651
7652
7672
7673
7674
7675
7676
7677
7678
7679
7680
7681
7682
7683
7684
7685
7686
7687
7688
7689
7690
7691
7692
7693
7694
7695
7696
7697
7698
7699
77
7700
7701
7702
7703
7704
7705
7706
7707
7708
7709
7710
7711
7712
7713
7714
7715
7716
7717
7718
7719
7720
7721
7722
7723
7724
7725
7726
7727
7728
7729
7730
7731
7732
7733
7734
7735
7736
7737
7738
7739
7740
7741
7742
7743
7744
7745
7746
7747
7748
7749
7750
7751
7752
7753
7754
7755
7756
7758
7759
7760
7761
7762
7763
7764
7765
7766
7767
7768
7769
7770
7771
7772
7773
7774
7777
7779
7780
7781
7783
7784
7785
7786
78
7853
7854
7855
7857
7861
7878
7881
7882
7890
7891
7895
79
7900
7901
7902
7904
7915
7917
7933
7935
7938
7939
7940
7941
7943
7946
7947
7948
7949
7950
7952
7959
7960
7962
7963
7964
7965
7973
7975
7983
7984
7985
7986
7987
7988
7989
7990
8
80
8001
8002
8003
8004
8005
8006
8007
8008
8009
8010
8011
8012
8013
8014
8015
8016
8017
8018
8019
8020
8021
8022
8024
8025
8026
8027
8028
8029
8030
8031
8034
8035
8038
8039
8040
8041
8042
8043
8045
8046
8047
8049
8050
8051
8052
8053
8054
8055
8056
8057
8058
8059
8060
8061
8062
8063
8064
8065
8066
8067
8068
8070
8071
8072
8073
8074
8079
8080
8081
8082
8083
8084
8086
8087
8088
8089
8090
8091
8092
8093
8094
8095
8096
8097
8099
81
8100
8101
8102
8103
8104
8105
8106
8107
8108
8110
8112
8113
8115
8116
8119
8120
8122
8123
8124
8125
8126
8130
8131
8134
8137
8138
8139
8146
8147
8154
8159
8161
8168
8169
8170
8171
8173
8174
8175
8176
8184
8188
8193
8196
82
8201
8205
8214
8220
8222
8234
8236
8237
8238
8244
8247
8248
8249
8251
8261
8265
8273
8274
8277
8278
8295
83
8300
8319
8324
8330
8334
8340
8341
8342
8353
8354
8355
8357
8362
8367
8370
8371
8378
8381
8391
8398
8399
84
8402
8403
8405
8408
8409
8410
8416
8417
8418
8419
8421
8423
8424
8425
8426
8427
8429
8430
8439
8441
8447
8448
8449
8452
8455
8456
8458
8463
8464
8468
8470
8473
8474
8475
8476
8477
85
8501
8502
8508
8518
8520
8523
8524
8525
8526
8527
8529
8530
8534
8538
8540
8541
8543
8547
8549
8551
8553
8556
8557
8560
8561
8562
8566
8567
8570
8571
8572
8573
8575
8586
86
8603
8604
8606
8607
8612
8613
8615
8616
8633
8634
8636
8637
8638
8640
8641
8642
8643
8644
8646
8663
8667
8669
8671
8672
8682
8683
8688
8691
8692
8693
8697
8699
87
8702
8707
8709
8710
8712
8717
8721
8722
8738
8739
8740
8741
8744
8745
8748
8750
8758
8760
8762
8763
8764
8765
8768
8771
8773
8774
8777
88
8808
8809
8810
8812
8813
8815
8818
8819
8820
8843
8845
8846
8847
8848
8849
8854
8855
8857
8860
8867
8876
8881
8882
8883
8884
8897
89
8900
8901
8908
8910
8911
8913
8917
8920
8922
8924
8927
8928
8929
8936
8937
8938
8939
8940
8941
8946
8948
8950
8951
8997
8998
8999
9
90
900
9001
9002
9003
9004
9005
9006
9007
9008
9010
9011
9012
9013
9014
9015
9016
9017
9018
9019
9020
9021
9022
9023
9024
9025
9026
9027
9028
9029
9030
9031
9032
9033
9035
9036
9037
9038
9040
9041
9043
9044
9045
9046
9047
9048
9050
9051
9052
9053
9054
9055
9056
9057
9059
9060
9061
9062
9063
9065
9066
9067
9068
9069
9070
9073
9074
9075
9076
9077
9078
9079
9080
9081
9082
9083
9084
9085
9087
9088
9089
9091
9092
9094
9095
9096
9097
9098
9099
91
9100
9101
9103
9104
9105
9106
9109
9111
9112
9113
9114
9115
9117
9118
9119
9120
9121
9123
9124
9125
9126
9128
9129
9130
9131
9132
9133
9134
9135
9136
9137
9139
9142
9145
9146
9150
9151
9156
9157
9158
9167
9168
9169
9170
9173
9174
9175
9176
9177
9178
9179
9180
9182
9187
9190
9191
9192
9193
9194
9195
9197
9198
92
9200
9201
9202
9204
9206
9207
9209
9210
9211
9212
9213
9215
9216
9217
9218
9219
9222
9223
9224
9225
9226
9227
9228
9229
9230
9232
9233
9234
9235
9236
9238
9239
9241
9243
9244
9248
9249
9252
9254
9255
9256
9257
9258
9262
9263
9264
9265
9266
9267
9269
9271
9274
9275
9276
9277
9278
9279
9282
9283
9284
9285
9286
9288
9289
9290
9291
9292
9293
9294
9295
9296
9297
9298
9299
93
9300
9301
9302
9303
9304
9305
9306
9307
9308
9309
9310
9311
9312
9313
9314
9315
9316
9317
9318
9319
9320
9321
9322
9323
9324
9325
9326
9327
9328
9329
9330
9331
9332
9333
9334
9335
9336
9337
9338
9339
9340
9341
9342
9343
9344
9345
9348
9352
9353
9354
9355
9356
9357
9358
9360
9361
9362
9363
9364
9365
9366
9369
9371
9372
9375
9376
9377
9378
9379
9381
9383
9384
9386
9387
9390
9391
9392
9393
9394
9395
9396
9397
9398
9399
94
9400
9401
9402
9403
9405
9408
9409
9410
9411
9414
9415
9417
9421
9424
9428
9431
9432
9433
9435
9436
9440
9441
9443
9447
9448
9449
9450
9455
9467
9468
9474
9478
9479
9480
9481
9483
95
9504
9505
9519
9524
9526
9532
9534
9539
9543
9546
9547
9548
9552
9553
9554
9557
9558
9559
9560
9561
9563
9565
9566
9567
9568
9570
9573
9574
9578
9582
9586
9588
9589
9597
9598
96
9600
9602
9605
9608
9609
9611
9613
9614
9616
9617
9621
9623
9624
9627
9628
9630
9631
9636
9637
9638
9644
9646
9649
9652
9653
9657
9659
9662
9664
9666
9667
9668
9672
9674
9675
9684
9694
9698
9699
97
9704
9706
9708
9709
9711
9712
9713
9714
9715
9717
9718
9719
9722
9724
9725
9726
9727
9728
9729
9731
9732
9739
9743
9744
9745
9748
9749
9750
9751
9753
9754
9756
9757
9759
9763
9766
9771
9772
9773
9774
9776
9789
9790
98
9804
9805
9806
9807
9809
9810
9812
9813
9816
9817
9819
9820
9821
9822
9823
9824
9825
9826
9827
9828
9829
9830
9831
9833
9834
9835
9836
9838
9839
9840
9841
9842
9843
9844
9845
9846
9848
9849
9851
9852
9860
9864
9865
9867
9868
9869
9870
9871
9874
9875
9876
9877
9878
9884
9887
9888
9889
9890
9891
9892
9893
9895
9898
9899
99
9900
9901
9902
9903
9904
9905
9906
9907
9908
9909
9910
9915
9916
9917
9919
9921
9922
9923
9927
9928
9929
9930
9931
9933
9934
9935
9937
9938
9939
9940
9942
9943
9944
9945
9947
9949
9950
9951
9952
9953
9955
9958
9962
9965
9966
9967
9970
9972
9975
9978
9980
9981
9982
9983
9984
9985
9988
9991
Ruta_SAK
